step,epoch,loss,eta
50,1,1.100183,42.66
100,1,1.123852,38.64
150,1,1.113618,36.12
200,1,1.142133,34.01
250,1,1.106980,32.06
300,1,1.100639,30.17
350,1,1.112758,28.31
400,1,1.101812,26.48
450,1,1.100170,24.67
500,1,1.089870,22.87
550,1,1.102801,21.08
600,1,1.104560,19.30
650,1,1.104736,17.51
700,1,1.107237,15.72
750,1,1.098978,13.94
800,1,1.108366,12.16
850,1,1.106395,10.39
900,1,1.097600,8.61
950,1,1.101723,6.84
1000,1,1.096894,5.06
1050,1,1.099383,3.29
1100,1,1.102210,1.52
1150,2,1.096729,39.21
1200,2,1.101046,38.07
1250,2,1.085997,36.37
1300,2,1.102087,34.62
1350,2,1.097034,32.88
1400,2,1.096853,31.13
1450,2,1.100828,29.38
1500,2,1.097472,27.62
1550,2,1.095631,25.87
1600,2,1.103197,24.12
1650,2,1.102134,22.36
1700,2,1.098539,20.60
1750,2,1.102290,18.84
1800,2,1.098460,17.08
1850,2,1.101367,15.33
1900,2,1.094356,13.57
1950,2,1.098054,11.81
2000,2,1.095643,10.05
2050,2,1.099778,8.33
2100,2,1.096779,6.56
2150,2,1.101549,4.80
2200,2,1.104197,3.03
2250,2,1.099852,1.27
2300,3,1.143647,39.21
2350,3,1.109274,37.82
2400,3,1.098594,36.11
2450,3,1.075858,34.38
2500,3,1.097458,32.63
2550,3,1.102771,30.88
2600,3,1.097928,29.12
2650,3,1.098281,27.37
2700,3,1.101666,25.61
2750,3,1.100921,23.86
2800,3,1.099983,22.10
2850,3,1.100649,20.34
2900,3,1.101369,18.59
2950,3,1.098952,16.83
3000,3,1.100776,15.07
3050,3,1.093367,13.32
3100,3,1.194508,11.56
3150,3,0.478379,9.80
3200,3,0.411289,8.05
3250,3,0.261678,6.29
3300,3,0.104527,4.53
3350,3,0.156256,2.78
3400,3,0.095801,1.02
3450,4,0.089103,39.07
3500,4,0.110288,37.55
3550,4,0.120611,35.84
3600,4,0.070819,34.10
3650,4,0.097933,32.36
3700,4,0.107479,30.61
3750,4,0.083295,28.86
3800,4,0.081046,27.10
3850,4,0.081862,25.35
3900,4,0.065372,23.59
3950,4,0.108896,21.85
4000,4,0.077679,20.10
4050,4,0.057251,18.34
4100,4,0.065462,16.59
4150,4,0.079792,14.83
4200,4,0.137171,13.08
4250,4,0.170950,11.32
4300,4,0.057547,9.56
4350,4,0.144068,7.80
4400,4,0.128040,6.05
4450,4,0.083175,4.29
4500,4,0.068516,2.53
4550,4,0.053561,0.77
4600,5,0.030242,38.87
4650,5,0.063278,37.32
4700,5,0.069877,35.60
4750,5,0.131266,33.87
4800,5,0.048594,32.14
4850,5,0.072231,30.39
4900,5,0.050204,28.63
4950,5,0.024053,26.88
5000,5,0.034342,25.12
5050,5,0.026288,23.37
5100,5,0.018260,21.61
5150,5,0.087267,19.86
5200,5,0.048331,18.10
5250,5,0.079420,16.34
5300,5,0.040671,14.59
5350,5,0.048946,12.83
5400,5,0.080194,11.07
5450,5,0.042016,9.31
5500,5,0.089528,7.56
5550,5,0.036249,5.80
5600,5,0.049902,4.04
5650,5,0.019501,2.28
5700,5,0.059639,0.53
5750,6,0.035149,38.63
5800,6,0.018771,37.05
5850,6,0.013888,35.34
5900,6,0.027064,33.61
5950,6,0.043420,31.87
6000,6,0.006475,30.11
6050,6,0.081938,28.37
6100,6,0.019249,26.61
6150,6,0.010093,24.86
6200,6,0.022501,23.11
6250,6,0.075796,21.36
6300,6,0.050230,19.60
6350,6,0.065873,17.84
6400,6,0.076514,16.09
6450,6,0.049179,14.33
6500,6,0.041824,12.58
6550,6,0.050880,10.82
6600,6,0.027530,9.06
6650,6,0.051689,7.31
6700,6,0.019323,5.55
6750,6,0.070168,3.79
6800,6,0.030721,2.04
6850,6,0.086928,0.28
6900,7,0.040221,38.41
6950,7,0.007153,36.83
7000,7,0.012636,35.11
7050,7,0.035617,33.37
7100,7,0.012210,31.65
7150,7,0.034761,29.90
7200,7,0.025061,28.14
7250,7,0.003047,26.39
7300,7,0.105009,24.63
7350,7,0.047059,22.87
7400,7,0.016281,21.12
7450,7,0.009091,19.36
7500,7,0.037303,17.60
7550,7,0.040878,15.85
7600,7,0.019894,14.09
7650,7,0.050523,12.33
7700,7,0.019498,10.58
7750,7,0.009017,8.82
7800,7,0.075150,7.06
7850,7,0.048671,5.31
7900,7,0.024080,3.55
7950,7,0.028017,1.79
8000,7,0.039893,0.04
8050,8,0.034937,38.14
8100,8,0.057151,36.54
8150,8,0.025697,35.01
8200,8,0.004158,33.25
8250,8,0.005420,31.49
8300,8,0.010085,29.72
8350,8,0.026353,27.96
8400,8,0.025568,26.20
8450,8,0.029161,24.43
8500,8,0.025939,22.67
8550,8,0.020515,20.90
8600,8,0.029975,19.14
8650,8,0.028509,17.38
8700,8,0.008502,15.62
8750,8,0.016761,13.86
8800,8,0.012274,12.10
8850,8,0.041057,10.34
8900,8,0.031997,8.58
8950,8,0.026193,6.82
9000,8,0.029651,5.07
9050,8,0.052561,3.31
9100,8,0.016387,1.55
9150,9,0.002488,39.11
9200,9,0.019503,38.16
9250,9,0.030282,36.43
9300,9,0.045291,34.68
9350,9,0.031373,32.93
9400,9,0.022267,31.18
9450,9,0.022493,29.42
9500,9,0.014514,27.66
9550,9,0.119227,25.96
9600,9,0.022180,24.26
9650,9,0.019132,22.53
9700,9,0.025578,20.77
9750,9,0.044262,19.01
9800,9,0.035469,17.24
9850,9,0.019754,15.46
9900,9,0.012073,13.69
9950,9,0.042572,11.92
10000,9,0.007309,10.14
10050,9,0.031026,8.38
10100,9,0.025078,6.61
10150,9,0.003312,4.85
10200,9,0.056558,3.08
10250,9,0.027529,1.31
10300,10,0.011187,39.25
10350,10,0.030716,37.86
10400,10,0.010701,36.14
10450,10,0.007667,34.40
10500,10,0.003597,32.65
10550,10,0.009726,30.90
10600,10,0.004597,29.15
10650,10,0.030166,27.40
10700,10,0.035536,25.64
10750,10,0.001326,23.89
10800,10,0.018423,22.13
10850,10,0.022758,20.38
10900,10,0.006752,18.62
10950,10,0.024758,16.86
11000,10,0.018607,15.11
11050,10,0.021898,13.35
11100,10,0.008635,11.60
11150,10,0.023875,9.84
11200,10,0.008848,8.08
11250,10,0.058742,6.33
11300,10,0.013470,4.57
11350,10,0.021918,2.81
11400,10,0.006852,1.05
11450,11,0.012159,39.11
11500,11,0.002820,37.61
11550,11,0.001337,35.90
11600,11,0.011296,34.16
11650,11,0.027233,32.41
11700,11,0.044332,30.65
11750,11,0.004614,28.90
11800,11,0.008135,27.15
11850,11,0.047913,25.40
11900,11,0.020139,23.64
11950,11,0.009120,21.89
12000,11,0.018842,20.13
12050,11,0.009478,18.38
12100,11,0.003466,16.62
12150,11,0.005094,14.86
12200,11,0.052687,13.11
12250,11,0.009308,11.35
12300,11,0.002525,9.59
12350,11,0.002622,7.84
12400,11,0.033021,6.08
12450,11,0.015456,4.32
12500,11,0.043767,2.57
12550,11,0.003575,0.81
12600,12,0.010056,38.89
12650,12,0.071707,37.34
12700,12,0.063803,35.63
12750,12,0.017974,33.91
12800,12,0.018439,32.16
12850,12,0.021544,30.41
12900,12,0.009739,28.66
12950,12,0.028440,26.90
13000,12,0.007359,25.15
13050,12,0.002100,23.39
13100,12,0.007399,21.64
13150,12,0.026182,19.88
13200,12,0.121033,18.13
13250,12,0.003114,16.37
13300,12,0.004835,14.61
13350,12,0.005135,12.86
13400,12,0.015313,11.10
13450,12,0.021886,9.35
13500,12,0.005043,7.59
13550,12,0.010545,5.83
13600,12,0.016127,4.08
13650,12,0.038286,2.32
13700,12,0.018034,0.56
13750,13,0.033680,38.65
13800,13,0.017111,37.09
13850,13,0.127535,35.42
13900,13,0.013998,34.00
13950,13,0.023058,32.17
14000,13,0.017670,30.36
14050,13,0.009051,28.57
14100,13,0.016238,26.78
14150,13,0.031446,25.01
14200,13,0.003758,23.24
14250,13,0.019577,21.47
14300,13,0.002425,19.70
14350,13,0.094142,17.94
14400,13,0.032170,16.17
14450,13,0.017384,14.41
14500,13,0.039330,12.65
14550,13,0.012384,10.89
14600,13,0.013979,9.12
14650,13,0.026253,7.36
14700,13,0.010781,5.60
14750,13,0.009991,3.84
14800,13,0.020464,2.08
14850,13,0.027397,0.32
14900,14,0.001724,38.43
14950,14,0.004119,36.85
15000,14,0.006609,35.14
15050,14,0.003092,33.42
15100,14,0.003412,31.68
15150,14,0.023802,29.92
15200,14,0.004628,28.17
15250,14,0.030715,26.42
15300,14,0.008735,24.66
15350,14,0.003832,22.91
15400,14,0.004108,21.16
15450,14,0.013701,19.40
15500,14,0.001097,17.64
15550,14,0.011554,15.88
15600,14,0.008653,14.13
15650,14,0.004120,12.37
15700,14,0.019557,10.61
15750,14,0.002929,8.86
15800,14,0.010305,7.10
15850,14,0.068005,5.34
15900,14,0.039390,3.59
15950,14,0.024148,1.83
16000,14,0.014225,0.07
16050,15,0.014363,38.25
16100,15,0.020403,36.62
16150,15,0.022698,34.90
16200,15,0.028306,33.18
16250,15,0.000935,31.43
16300,15,0.012216,29.68
16350,15,0.069587,27.92
16400,15,0.043060,26.17
16450,15,0.001443,24.41
16500,15,0.030836,22.66
16550,15,0.013153,20.90
16600,15,0.005512,19.15
16650,15,0.002639,17.39
16700,15,0.007713,15.63
16750,15,0.009728,13.88
16800,15,0.019155,12.12
16850,15,0.001281,10.37
16900,15,0.015604,8.61
16950,15,0.017012,6.85
17000,15,0.013414,5.10
17050,15,0.015248,3.34
17100,15,0.056546,1.58
17150,16,0.001723,39.04
17200,16,0.020254,38.16
17250,16,0.002418,36.45
17300,16,0.002302,34.70
17350,16,0.005117,32.95
17400,16,0.024432,31.20
17450,16,0.009308,29.44
17500,16,0.001558,27.68
17550,16,0.018128,25.93
17600,16,0.001219,24.17
17650,16,0.001884,22.41
17700,16,0.034354,20.66
17750,16,0.020345,18.90
17800,16,0.006686,17.15
17850,16,0.041783,15.39
17900,16,0.015907,13.63
17950,16,0.015443,11.88
18000,16,0.002737,10.12
18050,16,0.013432,8.36
18100,16,0.005532,6.61
18150,16,0.030511,4.85
18200,16,0.006599,3.10
18250,16,0.027725,1.34
18300,17,0.022006,39.25
18350,17,0.006922,37.89
18400,17,0.029862,36.19
18450,17,0.026376,34.53
18500,17,0.048962,32.76
18550,17,0.014586,31.01
18600,17,0.010182,29.24
18650,17,0.007757,27.48
18700,17,0.007207,25.72
18750,17,0.005536,23.96
18800,17,0.001055,22.20
18850,17,0.048709,20.44
18900,17,0.001060,18.68
18950,17,0.053150,16.92
19000,17,0.009596,15.16
19050,17,0.023913,13.40
19100,17,0.028575,11.64
19150,17,0.015750,9.88
19200,17,0.001432,8.12
19250,17,0.021058,6.36
19300,17,0.023781,4.61
19350,17,0.007764,2.85
19400,17,0.008263,1.09
19450,18,0.036055,39.39
19500,18,0.009034,37.77
19550,18,0.000601,36.02
19600,18,0.001494,34.25
19650,18,0.013000,32.49
19700,18,0.036137,30.73
19750,18,0.023769,28.97
19800,18,0.012513,27.21
19850,18,0.002846,25.45
19900,18,0.014171,23.70
19950,18,0.043688,21.94
20000,18,0.031776,20.18
20050,18,0.010366,18.42
20100,18,0.006024,16.66
20150,18,0.015766,14.91
20200,18,0.001971,13.15
20250,18,0.002592,11.39
20300,18,0.002692,9.63
20350,18,0.006802,7.87
20400,18,0.028643,6.12
20450,18,0.005983,4.36
20500,18,0.001547,2.60
20550,18,0.001854,0.85
20600,19,0.004283,38.85
20650,19,0.000687,37.35
20700,19,0.001014,35.83
20750,19,0.004110,34.10
20800,19,0.007130,32.32
20850,19,0.002846,30.54
20900,19,0.006742,28.77
20950,19,0.001708,27.00
21000,19,0.010516,25.24
21050,19,0.020961,23.47
21100,19,0.026098,21.71
21150,19,0.029978,19.95
21200,19,0.035766,18.19
21250,19,0.019604,16.43
21300,19,0.001591,14.67
21350,19,0.010379,12.91
21400,19,0.004139,11.15
21450,19,0.014656,9.39
21500,19,0.023358,7.63
21550,19,0.005871,5.87
21600,19,0.006085,4.11
21650,19,0.037295,2.36
21700,19,0.022543,0.60
21750,20,0.020551,38.69
21800,20,0.031442,37.12
21850,20,0.002718,35.41
21900,20,0.018050,33.69
21950,20,0.026034,31.94
22000,20,0.001419,30.19
22050,20,0.006101,28.44
22100,20,0.054072,26.68
22150,20,0.012486,24.93
22200,20,0.003119,23.18
22250,20,0.000932,21.42
22300,20,0.002567,19.67
22350,20,0.064332,17.91
22400,20,0.004150,16.16
22450,20,0.014129,14.40
22500,20,0.024743,12.64
22550,20,0.033380,10.89
22600,20,0.110275,9.13
22650,20,0.015457,7.38
22700,20,0.003280,5.62
22750,20,0.010473,3.86
22800,20,0.010887,2.11
22850,20,0.021283,0.35
22900,21,0.028932,38.50
22950,21,0.014682,36.90
23000,21,0.012782,35.20
23050,21,0.000981,33.62
23100,21,0.008021,31.86
23150,21,0.011377,30.08
23200,21,0.012078,28.31
23250,21,0.008773,26.53
23300,21,0.006304,24.76
23350,21,0.010206,23.00
23400,21,0.015685,21.23
23450,21,0.004425,19.47
23500,21,0.004047,17.71
23550,21,0.013332,15.95
23600,21,0.033602,14.19
23650,21,0.002295,12.42
23700,21,0.013359,10.66
23750,21,0.002858,8.90
23800,21,0.004459,7.15
23850,21,0.007790,5.39
23900,21,0.028809,3.63
23950,21,0.001425,1.87
24000,21,0.051301,0.11
24050,22,0.006412,38.24
24100,22,0.052033,36.65
24150,22,0.005808,34.94
24200,22,0.029634,33.19
24250,22,0.018112,31.44
24300,22,0.002267,29.69
24350,22,0.004995,27.94
24400,22,0.053294,26.18
24450,22,0.005935,24.44
24500,22,0.000760,22.68
24550,22,0.011128,20.93
24600,22,0.005359,19.17
24650,22,0.020762,17.42
24700,22,0.011617,15.66
24750,22,0.002325,13.90
24800,22,0.019310,12.15
24850,22,0.003545,10.39
24900,22,0.010846,8.64
24950,22,0.005472,6.88
25000,22,0.023372,5.13
25050,22,0.005479,3.37
25100,22,0.001998,1.62
25150,23,0.001283,38.78
25200,23,0.005453,38.16
25250,23,0.023762,36.44
25300,23,0.001593,34.72
25350,23,0.009798,32.97
25400,23,0.023387,31.22
25450,23,0.020303,29.46
25500,23,0.007614,27.71
25550,23,0.021688,25.95
25600,23,0.002697,24.20
25650,23,0.034178,22.53
25700,23,0.014795,20.76
25750,23,0.026561,18.99
25800,23,0.008651,17.22
25850,23,0.029976,15.45
25900,23,0.030409,13.69
25950,23,0.007150,11.93
26000,23,0.018450,10.17
26050,23,0.029273,8.41
26100,23,0.002504,6.65
26150,23,0.004455,4.89
26200,23,0.175728,3.13
26250,23,0.003158,1.37
26300,24,0.012813,39.26
26350,24,0.009638,37.92
26400,24,0.019949,36.23
26450,24,0.004662,34.50
26500,24,0.002806,32.74
26550,24,0.003783,30.98
26600,24,0.002633,29.23
26650,24,0.019325,27.49
26700,24,0.000972,25.73
26750,24,0.064073,23.98
26800,24,0.001138,22.22
26850,24,0.016241,20.46
26900,24,0.007754,18.70
26950,24,0.029644,16.94
27000,24,0.028797,15.19
27050,24,0.001392,13.43
27100,24,0.003205,11.67
27150,24,0.004999,9.91
27200,24,0.048821,8.15
27250,24,0.014406,6.40
27300,24,0.009590,4.64
27350,24,0.016996,2.88
27400,24,0.033744,1.12
27450,25,0.005819,39.16
27500,25,0.006873,37.72
27550,25,0.018984,36.02
27600,25,0.001891,34.28
27650,25,0.013189,32.51
27700,25,0.000855,30.75
27750,25,0.023471,29.02
27800,25,0.004005,27.29
27850,25,0.023114,25.53
27900,25,0.035823,23.77
27950,25,0.004651,22.00
28000,25,0.000828,20.24
28050,25,0.006463,18.48
28100,25,0.006222,16.72
28150,25,0.005185,14.96
28200,25,0.036667,13.20
28250,25,0.005567,11.44
28300,25,0.006764,9.68
28350,25,0.075681,7.92
28400,25,0.012577,6.16
28450,25,0.006596,4.40
28500,25,0.025521,2.64
28550,25,0.024782,0.88
28600,26,0.004658,38.95
28650,26,0.001790,37.45
28700,26,0.005381,35.78
28750,26,0.001831,34.05
28800,26,0.004709,32.29
28850,26,0.022653,30.52
28900,26,0.001525,28.76
28950,26,0.003560,27.00
29000,26,0.035186,25.24
29050,26,0.010862,23.48
29100,26,0.003134,21.72
29150,26,0.022028,19.97
29200,26,0.001633,18.22
29250,26,0.000857,16.46
29300,26,0.004686,14.70
29350,26,0.011312,12.94
29400,26,0.024844,11.18
29450,26,0.008929,9.42
29500,26,0.004603,7.66
29550,26,0.001367,5.91
29600,26,0.026662,4.15
29650,26,0.009212,2.39
29700,26,0.007071,0.63
29750,27,0.001675,38.73
29800,27,0.024733,37.17
29850,27,0.010661,35.47
29900,27,0.016093,33.73
29950,27,0.004641,31.99
30000,27,0.005785,30.24
30050,27,0.001618,28.49
30100,27,0.002309,26.73
30150,27,0.005304,24.98
30200,27,0.003143,23.22
30250,27,0.003454,21.47
30300,27,0.001098,19.74
30350,27,0.002171,17.98
30400,27,0.026535,16.22
30450,27,0.001369,14.46
30500,27,0.005871,12.70
30550,27,0.022888,10.94
30600,27,0.001064,9.18
30650,27,0.015334,7.42
30700,27,0.025116,5.66
30750,27,0.001459,3.90
30800,27,0.043578,2.15
30850,27,0.013127,0.39
30900,28,0.001925,38.49
30950,28,0.001186,36.91
31000,28,0.008778,35.21
31050,28,0.082251,33.48
31100,28,0.002699,31.73
31150,28,0.012271,29.98
31200,28,0.008632,28.23
31250,28,0.011798,26.48
31300,28,0.019763,24.74
31350,28,0.003582,22.99
31400,28,0.025021,21.23
31450,28,0.022072,19.47
31500,28,0.034629,17.73
31550,28,0.009415,15.99
31600,28,0.023820,14.24
31650,28,0.003297,12.49
31700,28,0.008976,10.72
31750,28,0.010216,8.96
31800,28,0.007003,7.19
31850,28,0.005810,5.43
31900,28,0.005463,3.67
31950,28,0.001377,1.90
32000,28,0.002689,0.14
32050,29,0.015873,38.29
32100,29,0.007639,36.68
32150,29,0.028228,34.96
32200,29,0.001822,33.23
32250,29,0.001279,31.49
32300,29,0.016842,29.74
32350,29,0.026893,27.99
32400,29,0.015273,26.24
32450,29,0.010345,24.48
32500,29,0.001924,22.73
32550,29,0.002798,20.97
32600,29,0.004330,19.22
32650,29,0.008019,17.46
32700,29,0.005910,15.71
32750,29,0.002858,13.95
32800,29,0.041135,12.20
32850,29,0.026636,10.44
32900,29,0.003886,8.68
32950,29,0.034489,6.92
33000,29,0.024524,5.17
33050,29,0.013086,3.41
33100,29,0.003772,1.66
33150,30,0.016269,39.40
33200,30,0.001338,38.89
33250,30,0.026452,36.87
33300,30,0.006178,34.98
33350,30,0.019227,33.17
33400,30,0.007688,31.39
33450,30,0.008440,29.61
33500,30,0.011324,27.84
33550,30,0.026789,26.08
33600,30,0.003297,24.31
33650,30,0.014237,22.54
33700,30,0.013684,20.78
33750,30,0.018198,19.01
33800,30,0.002730,17.25
33850,30,0.011020,15.49
33900,30,0.016353,13.74
33950,30,0.017250,11.98
34000,30,0.004310,10.21
34050,30,0.001850,8.45
34100,30,0.011103,6.69
34150,30,0.004705,4.93
34200,30,0.020806,3.17
34250,30,0.014679,1.41
